
Norm_old_003_96yo,(172, 185, 21),9956
Norm_old_003_96yo,(172, 185, 21),9956
Norm_old_003_96yo,(172, 185, 21),9956
Norm_old_003_96yo,(172, 185, 21),9956
Norm_old_003_96yo,(172, 185, 21),9956
Norm_old_003_96yo,(172, 185, 21),9956
Norm_old_003_96yo,(172, 185, 21),9956
Norm_old_003_96yo,(172, 185, 21),9956
Norm_old_003_96yo,(172, 185, 21),9956
Norm_old_003_96yo,(176, 197, 21),9867
_AO_20210523112507_205,(170, 155, 21),18120
_AO_20210523112507_205,(163, 156, 21),17149
NPH_shunt_001_80yo,(164, 177, 19),19063
Norm_old_001_81yo,(165, 159, 15),7791
NPH_noShunt_001_70yo,(170, 184, 18),22604
NPH_noShunt_002_70yo,(146, 218, 15),4535
NPH_noShunt_001_70yo,(170, 184, 18),22604
NPH_noShunt_002_70yo,(146, 218, 15),4535
NPH_noShunt_003_62yo,(220, 167, 20),2500
NPH_noShunt_004_85yo,(200, 225, 19),11035
NPH_noShunt_005_85yo,(189, 173, 21),14278
NPH_shunt_001_80yo,(277, 105, 14),5026
NPH_shunt_002_70yo,(251, 261, 20),6985
NPH_shunt_003_70yo,(249, 275, 20),7135
NPH_shunt_004_85yo,(199, 176, 18),7440
NPH_shunt_005_85yo,(213, 184, 17),6100
Norm_old_001_81yo,(165, 159, 15),7791
Norm_old_002_64yo,(201, 203, 29),2606
Norm_old_003_96yo,(172, 185, 21),9956
Norm_old_004_64yo,(201, 281, 18),6303
Norm_old_006_70yo,(159, 221, 20),7593
NPH_noShunt_001_70yo,(170, 184, 18),22604
NPH_noShunt_002_70yo,(180, 209, 24),14561
NPH_noShunt_003_62yo,(220, 167, 20),2500
NPH_noShunt_004_85yo,(200, 225, 19),11035
NPH_noShunt_005_85yo,(189, 173, 21),14278
NPH_shunt_001_80yo,(164, 177, 19),19063
NPH_shunt_002_70yo,(198, 185, 19),13098
NPH_shunt_003_70yo,(190, 199, 19),13243
NPH_shunt_004_85yo,(206, 332, 21),13187
NPH_shunt_005_85yo,(229, 210, 20),12151
Norm_old_001_81yo,(165, 159, 15),7791
Norm_old_002_64yo,(204, 292, 22),2884
Norm_old_003_96yo,(172, 185, 21),9956
Norm_old_004_64yo,(201, 281, 18),6303
Norm_old_006_70yo,(159, 221, 20),7593
NPH_noShunt_001_70yo,(165, 187, 17),26880
NPH_noShunt_001_70yo,(167, 179, 17),24804
NPH_noShunt_001_70yo,(167, 179, 17),24804
NPH_noShunt_002_70yo,(181, 213, 24),17366
NPH_noShunt_003_62yo,(227, 177, 21),3988
NPH_noShunt_004_85yo,(211, 235, 21),9879
NPH_noShunt_005_85yo,(183, 173, 20),15365
NPH_noShunt_001_70yo,(169, 187, 18),23724
NPH_noShunt_002_70yo,(179, 213, 24),16262
NPH_noShunt_003_62yo,(223, 179, 21),4052
NPH_noShunt_004_85yo,(203, 221, 19),11624
NPH_noShunt_005_85yo,(187, 181, 21),14690
NPH_noShunt_001_70yo,(168, 193, 18),23215
NPH_noShunt_002_70yo,(175, 213, 24),14935
NPH_noShunt_003_62yo,(225, 279, 22),4173
NPH_noShunt_004_85yo,(201, 227, 19),11424
NPH_noShunt_005_85yo,(187, 179, 21),14697
